20

313313134313.313331311133 3333331311 te 33133131 3133333313 33111331- 73.
1333331333 31311133 3331 3333333133. ’1)3331133131313131

(3333131113 333 (3313313313 3 313. 331333 311 3313333131 3311313311 ung 3331313331
33111 333131 3313133333 331 331 1113113333 333 33313333 &aga 11113. 3 36 6331133331.

3133333 4 313. 313 33331333 31113113 3313331333 333 3133313331 3333 3111333 ΠΙ. Ν,
331333 IX. 14113133 31331133. 83113333 333 1331333 mit 313331 333 811131. 3 3. 3331133331.

3313133131313333 2313. 3 331 3131333333 3311333333 31313133 3113333 333 3133113113
331133 3333 Ε33111133. 33. 2133111133 2133313131 311113 3. 3313313.

Μὲἓτὲίίῒὶἑιέωἶτῶὼ 3313131133 33311333 3113311333 313111. 3111333333 3133113333

81133313 2 313 313 3133331333 bet 3333333333 31313 333 3313313333 33131333 331
31313333 31333333. (313113 333 3111331333, 3131311313 31. 3.) 31133113313313133333.

3131331133 &mambra Dr. 333331.

31111333 3 313. ’ Α. 3333331133. 1313111313 3131133313 331 31133 3333133313 3333 3333
3111311133 331 1.3331)111113133331 3313313333 3313311331. 3133311311 1331333 313 3313331333
33133333313133333331331333313331311. 134, 224, 426, 430. 3. 3 3331133331.

3331133 3 313. 33133, 31111133 333 3333311313 3313331333· 611313 333 3331 333 3333
11311 33133333 Ι. 1. 313 3133313113, 331 31313333 333 3133113113 &aa 3313 13333311 §§ 311, 13
2113333311 3313331 333 31331313 333 333313 3111131 331 3333111 333 31131311, 3133331133 113333
333 331 1133333 33131133 3331131333 331 113133 33 31131 333 31111131 1333311133 3111313 3331
3113111333 31331133 gut 31313333 331 3333313333 333 3313333333. 31. 3 Dr. 333331.

331313 9 613. 3333131333 3333331333 3333 3113331 03311311 3133311333 333 33133313
ιὲιὲξῶἕὲἷξὲαὲ 31839113ῧ333ἑ1ξθ1ὲὶὶ3τ331333 1111 VL 1133 33333311 33 333311133331311133 3331

3333133313 333 (3113313313 3 313 3113333133 3333311333133333311113. 313 331313
{utggiiossg {tbltjegegeagnssb ε1333131 2 313. 3333133333 331 331 3113311333 33333333313313313

3133333 4 313. 313 3131 11133131 mit 333 3133 213333 3313333333 333 3131313331 31
3331333333 3313 331333 VIII. 3. 3. 6331133331.

3131313313333332313. 31131333131113333313313311. 3313313333 31313133 1111133133.
3333131313333313131331113331131333333331. 31 3 313313.

33131333 2 313. 33311 1313 333 [3131311333 3313111 33111 3333 3311131111 33 331 1333313131
(5333311331333 3313 311131. 3. 3. 3133113333.

3311113332 313. (333311313313331133, 31313133 3333113133 3133313313 3333 3333133333
3313331311 333 3311 33113333. 31113113333313133333.
11331311 33 g. ’333 bet 3311331333 313 3311313313313111331 1331 331 313 31113133113331 3311131 331 Π3 3133331131.

3113113331 3311313313313111131

13313313 333311132613 333 33313 31311 13333131 33 313 Ε1311131 331 VI, V, IV, HIb
3313111 333 3331133 mat: 31311333 3313313313 333 331 3311333 333 31313333 311 gut 3311131333
313ξή alaim ἱ,31331ιὲ3[ξωῇ3311333111133 331313333313 333 333 33133133 3333313311 313 213333·

..n—0·- .-·---- ...-

 

