21

-,--

616111611 1111111161

a) 111 6111111 6 611. 21111111 61111 111111 3 1111111111 111111111111111) VI
111 V, b) IV 111 ΠΙ1, 111Π1-Ι, 111 11111 1111 1116111116 11111111 611111 111111.
1111 [1111111111 Ι. 111 ΙΠ. 1111111111 1111111111. 2 Dr. 211111, 111111 Π. 1111111111 6111.
Dr. 61111 211 2111111161 11111 1111111111 111 11111 11111611 21111111 1) 1111
11111 3161 6111116 111 Ι6, 111 Ha 111 Hb 113, 111 Π112, 111 IV 4, 111 HIb 111 VI
11 l 6611111 2) 111 6111113161 111 1, Π1, Π1, ma, 7, VI 11 1,1111Π1 111 IV 11
36611111; 3)111111111111161111ΠΙ1,Ι7 111 V 111 661111. 21611111 111111 1161111
111 11111111 6 6611111 11111 1111111111 11161111 1111111111

b) 111 131111. 211 (11111111111161 11111111 111 z. 8 6611161111 11 VI 111 V
11112611.; 1116311111 11111 1111111 11111111 11111, 11 1111 11 1161 11111 6111161161 1111
2111111 11 61611 1111111111 111111, 11111111 1111111111 6611 11111111, 111 111 61112111
ὓτςαηίῇέοῑῐὲξτῗί, 1111 611 2111611111811111611116111111111, 1111111 611111 2111111 11
11611111 2 1. 111111.

c) 111 facultatium 3116111. 1111111 1111111161 111111 1112111111611116111 11111 11
1116111116 2 6111111 11 12 6611111 111111 11111111 Π1, IIIa 111 HIb 1111111.

——-——--

11. 61111111111161 1111111611 τ3111661111
11111111111111111311111111.

211 24. 211111 1886. 1111111111. 611111111166111111111111 111111111 6111611111 111
61111 2111111111 111, 116 1111611 111 2111111111 111116111161111111111111111 111 11111 6111111111
11 111 11111111 1111111611, 1111 1111111 11111111 31111111 1111111113111111 111111111
1111111111611 11111 111 111111111111111111111 11161111211111111111 111111111113111111 bei:
11111111 1 .

1111 3. 2111 1886. 9111 11. 6. 11. 111111 11, 111 11 111 7 111111111111116111161131111
11111 111 111 111611116118161111111111 111 111 111 61111111111111111 111 1111111111 111
1161111611 6111111111 111161111166111111 111 1111111161 1111 11111111, 11 111 111111 1111111111
111 1116111111ὲ1τ1ἶ 6Β61111ἱ Qu 1111111611 11 111111111 111, 1611 116 11 111 1116116111 11111
1111111111 11111 1 .

211 18. 3111 1886. 11111 61. 6. 11. 1111611111161111111111111111111111111 66111111
11111111161111 1111 11111111111111 11116116 111166111161111111111216111111111111161,
1111 111111 ben 1111111161 11111 11111166111111 11111111 11111111. 6111111131111111
1111 11111111 1111111111 116111 11111111 111 21111611 1116611111 11 16111 111 111 66111111
111 311111111111116111111 11 1116111.

1111 9. 1111111111 1886. 1111 61. 6. 11. 111111 11, 116 11211111 1 1111166116111116111
1116611111 111 111 2111111111 1166111111111111111 1111111111 gei 1111 11111111 311
1111116111 111 31116111 6111, 661116111111111111111116111, 1111611111 1116111111111111 111
111111111111111111116111111111 6611111 111 1111611111 2111111111 1111161 111111 111111,
1111 111111116αῇ116 111 (11116111 111 1111161111 1161111111 111 11111111 6116111 11 1611.

1111 11. 1111111111 1886. 211 61. 6. 11. 1111 1111 11131611887 11111111 311111111111
11111 1) 3111111111 6611116111 1112211111, 6611111111 111 18111111. 2) 31 6111111111
66116 111 27. 2111, 2111111 111 2. 3111. 3) 31 6111111 66116 1118. 3111, 1111111111
10. 1111111. 41 31 2111611111 6611611128. 61111111112111111111 10. 6111111. ὃ) 31
1116116111 66111 111 21211111111111111111 7. 311111.

 

