2‘2

111 18. 1111111111 1886. 1111111. 11111111 111 11111111 11 111 111 1111111118ὃὸ
1111111111111 11111111111111111111111111 111111111111111 1) &nb 111 8111111111 1111111111,
111 111 1111111111 111,,111111111111111” 11111111 1111 2) 11118111 111 11111111 111 111111
1111111111111111111111111 111111 1111111 1111111. 3) &ab 111 1111111111 61111111111111
111 1111111111111111111 1111111111, 11 1111111111 1111 1111111111 4) 11111 111 111111111111,
1111 11111111 1111111111 111 1111111111 111111 11111111111111111 1111111111111.

Dm 31111111 1887. 9111 11. Θ. 11. 11111111 1111111 1111 1111111111 1111111111
111 11111111, ,111 1111111 111 111111111111111111111131(1111111111 Ι 111 Π 11 ΙΠΑ 111 ΠΙΒ,

111. 91111111 1111111111.

1111 111 2911111 1111111111 6111111111 11 11111 1111 1111111 61111111111111111111111
11111111111111. 11111111111111 11111 11111 11111 1111111111 11 11161111 1111111111 11111111
1116111111111111111 111111 1111111111 seringe 3111 1111111 61111111 1111111 3111 1111 1111111111,
111 1111 111 111 1111111 111 1111111 111111 111111 1111111111 8111111111 1811111 111 11111 1111
8111111111, ὓ111111111 1111111111 9, 11111. Dr. 11111111 9, (1111111111111 Dr. 811115
6 tage 111 111111 1111111111 11 11111 111111111111111 11111111111111111111 1111111111111. Dur:
1111 1111 1. 1111 111 11 111 6111111111 111111111 1111111. 111111 1111111111 111 111 111111
11111 11 1111 1111111111 111.

1111811111 1111111111111111111 111111 11111111 11 111 11111111 111, 111 1111 (1111111111
11 ὓ1111 111 01111111. 1111111, 11 1111111111 111 gand. prob. 1111111111 11 111 11111111
11111 1111111111111111111111 1111111. 1111. Dr. 11111 11111 1111 1111111111 111111 1111111
11111111111111111111 1111111111114611111111111 1111111 1111111111 &inem 1111111111
11111111 11111111 111 (1111111111111111 11 111 1111111Ι11*Ι. 11111111 1111111111 11111111
13111 111111 1111 11111111111111111 1111 31111111 11 1111611111 1111 11111111111111 111
1111111111 81111111111111 11111 111 111 11 11 1111111 111 1111111 1111111 1111111
1111111111 11111111 11111111 111 1111111111 1111 111 Ι. 111 ΙΠ. 1111111111 (11111111111111
Dr. 8eebet, 1111111Π.1111111111 1111. Dr. 11111

Die 1111111111111 1111111111 11111111111111111111, 111 11111111 111 81111 11111 111111
1111111111 111 111 (1111111111 111 11111111 11111111111111111111111 11111, 11 111111 1111111
11111111 11111111 1111 1111111 811111111111111111 11111.

1111 2111111111 111 20. 1111111 11111111 111111 111 61111111 1111111111 11111111 111
11111111 1111111111. Die 8111111111111111111111 in 111 611111 1111111 1111111111 Dr. 111111
111 13111111111111111 111 1111111111 11111 11111111 1111111111 11111111 1111111111 111111111.

1111 29. 111 301111 111111 111 111111111111111, 1111 1111111111 1111111111 111 all:
11111111 1111 111 61111111 11111111111111111111111 1111111111 Die 3111111111 111111 1111
1116111111111 1111111111111 1111 111 1111111111, 111 1111111111 111 111 (1111111111,
111Π1111 6111111111 mit 11111111111111111111111111111, 111 Hb 111 (5111111111 111 111
11111 6111111111 11111, 1111ΙΠ1 111 11111111 111 11111111, 1111 ΠΙ1 111 1111111111 111
111 1111111111, 111111 111 111111 11111 111 111 1111111111, 1111 V 111 VI 111 8111111111
111 11111111. 1111111111 1111111 111 11111111 1111111 11 1111111111 1111111111 11111111
11111111111111111111 1111111111 111 1111111111 1111111111 11111111

1111 1111111111111111 11111111 11111 1111111111111 111 1111111111 111111111111
11111111 1111111111111 1111111111 11111111 111 (111111 1111 1111111111 (11111111111111 1111
11111111, 111 1111111 (11111111111111 Dr. 811111 111 1111 111 1111 1111111111 111 111111 1111111
111 111 111111 1111111111 111 111 (1111111111 111 1111 1111111 11111111.

 

